0 0.042625 0.591167 0.041750 0.041667
0 0.076500 0.638833 0.034000 0.035000
0 0.214875 0.558000 0.033250 0.042667
0 0.200500 0.608000 0.032000 0.038667
0 0.175375 0.618500 0.025250 0.038333
0 0.239875 0.671500 0.035250 0.035000
0 0.169500 0.719667 0.034000 0.039333
0 0.274625 0.666167 0.027750 0.033667
0 0.259875 0.717167 0.023750 0.027667
0 0.335625 0.766667 0.023750 0.032000
0 0.040250 0.817167 0.034500 0.037667
0 0.222875 0.826000 0.030250 0.034667
0 0.291000 0.878667 0.028500 0.032667
0 0.128375 0.914667 0.030750 0.036000
0 0.066625 0.941000 0.038750 0.042667
0 0.123750 0.971667 0.033500 0.032667
0 0.415125 0.926833 0.028750 0.041667
0 0.441875 0.960333 0.028750 0.042000
0 0.520875 0.927000 0.027750 0.035333
0 0.557750 0.885333 0.029500 0.034000
0 0.804375 0.875167 0.024250 0.035667
0 0.763500 0.758167 0.031000 0.039667
0 0.576250 0.620500 0.028000 0.035667
