0 0.046000 0.422833 0.035500 0.041000
0 0.078625 0.471000 0.029250 0.034667
0 0.218500 0.393333 0.033500 0.038000
0 0.202625 0.445667 0.029250 0.036667
0 0.178000 0.451667 0.023500 0.034667
0 0.171125 0.555667 0.033750 0.038000
0 0.241375 0.508333 0.033250 0.040000
0 0.277875 0.502500 0.032750 0.039000
0 0.262625 0.555833 0.025250 0.033000
0 0.042000 0.650333 0.039000 0.038000
0 0.062625 0.775833 0.033750 0.041000
0 0.222750 0.663833 0.032000 0.035667
0 0.125250 0.751500 0.030000 0.034333
0 0.111625 0.934667 0.033750 0.043333
0 0.199125 0.923167 0.033250 0.037000
0 0.219125 0.937833 0.030750 0.037000
0 0.215125 0.845500 0.030250 0.038333
0 0.290250 0.721667 0.027000 0.034667
0 0.337750 0.608000 0.026000 0.029333
0 0.413000 0.771333 0.028000 0.038667
0 0.441250 0.806500 0.029000 0.038333
0 0.505375 0.868000 0.031750 0.039333
0 0.519750 0.772500 0.024000 0.030333
0 0.556375 0.731833 0.023250 0.031000
0 0.768000 0.608000 0.031000 0.034667
0 0.805500 0.727833 0.023500 0.034333
