0 0.034875 0.644333 0.040250 0.040000
0 0.209500 0.620000 0.038000 0.047333
0 0.071250 0.694833 0.034000 0.035667
0 0.169625 0.680333 0.027250 0.036667
0 0.197125 0.668500 0.030750 0.036333
0 0.026125 0.871167 0.033750 0.046333
0 0.159875 0.779667 0.038750 0.042000
0 0.267250 0.731333 0.034000 0.035333
0 0.230875 0.735667 0.032250 0.040000
0 0.197125 0.748667 0.032250 0.035333
0 0.253500 0.781333 0.029000 0.036667
0 0.209625 0.892167 0.034750 0.043000
0 0.115250 0.969667 0.038000 0.038667
0 0.323375 0.836333 0.028250 0.030000
0 0.279000 0.949167 0.031500 0.034333
0 0.752250 0.852333 0.033000 0.038667
0 0.570750 0.701333 0.039500 0.040000
0 0.543375 0.966333 0.034750 0.040667
0 0.792000 0.972833 0.024000 0.034333
