0 0.047125 0.498667 0.040250 0.046000
0 0.081000 0.549000 0.034500 0.040667
0 0.220000 0.470667 0.032500 0.037333
0 0.204875 0.521333 0.032750 0.035333
0 0.178500 0.530000 0.026000 0.032667
0 0.171125 0.633167 0.031750 0.037000
0 0.241625 0.585500 0.035250 0.033000
0 0.279250 0.580167 0.034500 0.035667
0 0.265250 0.633000 0.031000 0.030000
0 0.040500 0.727333 0.037500 0.039333
0 0.225000 0.740000 0.033000 0.034667
0 0.338000 0.686333 0.029000 0.034000
0 0.767750 0.690000 0.032000 0.038000
0 0.808000 0.807333 0.031000 0.038000
0 0.559250 0.810833 0.028500 0.043000
0 0.291625 0.800167 0.032750 0.039000
0 0.414500 0.848000 0.027500 0.036667
0 0.441750 0.883333 0.028500 0.040000
0 0.505000 0.945000 0.029500 0.039333
0 0.521250 0.852500 0.023000 0.033000
0 0.059625 0.855333 0.034750 0.043333
0 0.128500 0.826000 0.038000 0.035333
0 0.120250 0.889000 0.030500 0.035333
0 0.214500 0.924167 0.027500 0.041000
